RunNumber  FCup_pos  FCup_neg  FCup_zero  FCup_run
16137	37242.6	37201	242.001	76994.3
16138	37063	36926.2	328.612	76542.7
16144	19617.9	19596.4	125.818	40381.5
16145	19442.5	19444.2	170.935	40210.9
16146	12447.4	12434.5	115.829	25866.6
16148	18924.7	18904	179.13	39313.7
16156	2268.97	2268.75	15.1246	4789.82
16157	8476.65	8452.46	56.6281	17650.3
16158	6916.17	6878.43	71.3515	14343.5
16164	360.42	360.567	1.94808	788.277
16166	4945.26	4919.91	32.4804	10052
16167	11956.4	11888.2	99.0277	24701.1
16168	973.094	965.999	8.49315	2049.61
16169	2265.73	2263.76	17.5443	4754.26
16170	19896.2	19921.4	184.222	41316
16178	13313.6	13254.9	98.1038	27459.9
16184	42996.1	42449.5	33.8808	87094.5
16185	16201.2	16262	19.9137	32495.9
16186	95448.8	95372	365.023	190900
16194	231973	231190	172.505	472907
16211	16813.2	16776.8	143.625	35014.3
16213	10427.7	10460.1	100.977	21876.8
16214	16899.4	16821.9	252.237	35265.4
16221	16985	16909.9	202.557	35039.7
16222	20355.8	20313.8	258.421	42191.5
16223	23296.1	23267.8	205.785	48372.3
16224	1191.3	1189.63	13.4469	2571.96
16225	6139.18	6119.3	74.1247	12688
16226	4985.16	4992.98	44.1034	10426.3
16228	9828.5	9871.81	134.584	20634
16231	9548.51	9535.12	95.0241	19938.7
16232	20596.7	20497	261.895	42815.4
16233	22514.2	22407.1	279.666	46757.4
16234	4252.85	4189.19	43.0277	8690.64
16235	2038.5	2040.04	17.1525	4254.94
16236	5429.43	5425.02	50.0688	11329.5
16238	2396.05	2402.6	21.0254	4839.8
16243	13356.6	13258.7	167.681	27738.8
16244	9941.87	9904.38	87.082	20458
16245	24058.4	23892.8	295.362	49951.8
16246	22294.2	22194.6	265.304	46109.2
16248	20350.5	20236.4	184.846	42165.5
16249	3867.53	3847.91	48.7053	7913.25
16250	2984.34	2970.54	23.8144	6187.38
16251	4688.84	4600.49	38.5992	9517.5
16252	5863.98	5827.31	69.7197	12068.5
16253	14967.1	14776.1	127.929	30959.7
16256	20599.1	20469.4	176.686	42615.1
16257	21494.8	21389.5	183.735	44322
16259	19035.8	18995.7	164.015	39364.5
16260	11430.3	11323.6	107.408	23639.5
16290	25447.4	25245.8	279.259	52783.1
16291	21068.8	20955.6	271.751	43699.6
16292	24374.7	24229.5	353.966	50618.6
16293	20811.6	20771.4	289.442	43363.4
16296	7002.21	6949.64	76.8712	14502.4
16297	9066.77	9014.63	95.7411	18760.3
16298	25469.1	25420.8	361.765	53226.4
16299	19281.2	19181.7	265.828	40162.7
16300	20658	20550.3	283.463	42885
16301	16550.2	16454.3	220.951	34490.8
16302	1905.75	1912.39	18.5917	3940.32
16303	7228.3	7177.19	97.3875	15067.1
16306	132934	132231	490.154	274685
16307	33953.1	33826.9	212.556	70435.4
16308	35963.7	35821.6	183.07	75063
16309	58347.6	57950.1	305.315	121503
16317	3213.47	3223.24	32.3759	6709.1
16318	15580.5	15591.3	193.619	32477.6
16320	19694.5	19742.1	180.127	41050.5
16321	16291.2	16293.6	188.67	33943.7
16322	8600.68	8590.15	99.8318	17914.8
16323	4781.47	4786.18	38.9072	10010.4
16325	1336.04	1316.09	10.4745	2576.69
16326	2862.89	2855.61	24.9838	5995.86
16327	22049	21979.2	184.645	45605.2
16328	19799.5	19645.6	227.113	41083.9
16329	23374.5	23235.8	284.874	48496.9
16330	25729.6	25645.8	252.036	53288.6
16331	7621.09	7595.74	97.32	15870
16332	1151.19	1151.33	14.0641	2453.47
16333	3099.87	3099.56	35.7523	6506.69
16335	17568.6	17495.3	155.923	36535.5
16336	9700.34	9645.96	119.397	20184.7
16337	7412.53	7372.26	65.1165	15408.3
16338	15993.1	15924.7	148.617	33156.8
16339	4840.9	4803.66	44.1306	10068.1
16341	18313.5	18253.5	172.986	38045.1
16343	17821.8	17733.6	160.33	36847.4
16345	5459.28	5486.62	49.3724	11351.6
16346	21652.2	21592.5	195.078	44970.2
16348	20935.2	20808.7	185.581	43424.3
16350	20017.5	19955.7	168.115	41513.8
16352	19033.9	18995.2	171.418	39391.2
16353	21664.9	21648	189.846	44973.6
16354	19834.9	19747.2	227.674	41015.5
16355	19921.2	19807.3	232.26	41210.8
16356	19069.2	18975.8	235.157	39542.2
16357	12572.2	12507.7	152.725	26120.1
16658	7657.57	7674.38	62.0602	15888.5
16659	9382.95	9384.13	70.3118	19339.9
16660	6872.81	6869.1	69.5523	14100.1
16664	1886.04	1905.2	12.3261	3915.96
16665	23649.2	23644.7	227.867	48748.4
16666	10803.2	10804.2	110.747	22424.1
16671	19720.6	19718.3	139.572	40627.7
16672	18920.3	18903.8	176.743	38903
16673	2702	2701.7	18.3132	5413.46
16674	6164.04	6134.54	40.8564	12714.9
16675	18370.6	18326.5	216.546	38048.9
16676	21458.6	21525.4	191.791	44374.5
16678	7640.06	7675.57	72.0328	15834.4
16679	8198.86	8346.03	70.1365	17163
16681	23702.9	23682.1	211.987	49207.9
16682	21543.4	21685.4	248.952	44774.2
16683	21915.3	21934.7	190.019	45473.5
16685	3688.87	3699.95	50.7027	7642.66
16686	12148.8	12176.9	110.679	25262.6
16687	413.609	412.535	3.9048	797.716
16688	23566	23498.1	202.113	48589.4
16689	5362.02	5385.77	59.2698	11395.3
16690	2358.35	2348.26	21.2159	4708.69
16692	18131.3	17853.5	153.385	37203.8
16693	21716.6	21711.3	263.536	45177.6
16695	640.188	619.022	6.41799	1320.01
16697	1102.36	1082.86	12.2551	2164.06
16698	6119.7	6111.24	58.7498	12564.1
16699	2874.2	2847.48	21.8308	5721.97
16700	18485.9	18473.8	229.01	38368.2
16701	2525.73	2502.61	32.7753	5328.45
16702	9753.59	9702.63	128.88	20126.7
16704	18235.5	18237.8	186.012	38121.7
16709	5824.03	5776.23	45.2799	11778.4
16710	7329.66	7388.37	50.5274	15264
16711	23429.4	23401.7	218.326	48455.7
16712	24062	23992.4	217.828	49506.5
16713	25055	24938.1	240.658	51757.5
16715	12565.2	12487.3	129.425	26019.4
16716	10824.4	10772.7	73.4131	22355.9
16717	19157.2	19116.4	178.818	39674.8
16718	5283.88	5264.8	49.8177	11023.5
16719	20550.8	20442.7	197.012	42308.4
16720	12071.7	12008.5	111.311	24961.7
16721	1252.59	1255.72	8.35514	2599.6
16722	2648.85	2620	10.5487	5298.43
16723	17395.4	17347.5	118.799	35889.4
16726	24883.5	24911.1	181.183	51497.1
16727	19287.9	19247	137.771	39623.2
16728	21626.7	21606.4	136.021	44658
16729	4145.27	4121.29	31.1238	8303.64
16730	13431.7	13343.1	102.842	27595.2
16731	9385.88	9342.73	68.6306	19377
16732	12623.1	12562.7	87.3293	26059.3
16733	2617.63	2602.99	17.2659	5346.46
16734	609.248	607.793	5.96552	1183.49
16736	21744.7	21719.3	134.302	44610.2
16738	13307.9	13219.7	82.3117	27227.8
16742	4894.71	4911.82	39.9122	10170.2
16743	19159.1	19064.4	139.178	39600.7
16744	24612.6	24554.3	201.432	50697
16746	22692.9	22558.7	185.493	46910.6
16747	23252.9	23163.1	173.854	47955.3
16748	21158.2	21104.2	202.794	43802.2
16749	3037.8	3037.66	22.8313	6330.93
16750	23236.7	23122.9	256.684	48034.1
16751	4232.99	4222.46	33.3103	8774.41
16752	7329.58	7323.02	59.5776	15231.1
16753	6096.57	5988.81	57.224	12548.2
16754	22994.4	22853.2	211.298	47577.5
16755	22869.5	22715.8	207.912	47294.2
16756	4119.93	4078.81	38.6445	8533.74
16757	21711.4	21585.5	273.511	45037.4
16758	17543.1	17387.3	219.869	36336.3
16759	24659.9	24498.1	243.005	50852.2
16761	18537.4	18478.9	170.122	38401.3
16762	21534.7	21487.3	263.16	44638.1
16763	11531.6	11496.9	94.8532	23924.3
16765	17828.2	17697.8	167.116	36909.8
16766	7289.34	7251.96	90.4896	15143.1
16767	21172	21164.5	204.875	43761.9
16768	21750.4	21699.3	151.02	44759.6
16769	9995.8	9900.42	68.5427	20571.1
16770	19943.6	19801.8	148.523	41177.2
16771	24237.6	24094.9	195.762	49814.8
16772	19337.5	19160.1	196.008	39901
