16082	NH3	0	10.5473	13393	1	0.00153876	-1.00062	-0.5
16083	NH3	0	10.5473	2	1	0.00153876	-1.00062	-0.5
16084	NH3	0	10.5473	2805	1	0.00153876	-1.00062	-0.5
16085	ET	0	10.5473	414421	1	0.000460466	-1.00062	-1.0
16086	ET	0	10.5473	200967	1	0.000460466	-1.00062	-1.0
16087	ET	N/A	10.5473	2	1	0.000460466	-1.00062	-1.0
16088	ET	N/A	10.5473	13081	1	0.000460466	-1.00062	-1.0
16089	ET	5	10.5473	1142161	1	0.000460466	-1.00062	-1.0
16090	ET	N/A	10.5473	12973	1	0.000460466	-1.00062	-1.0
16091	ET	N/A	10.5473	591	1	0.000460466	-1.00062	-1.0
16092	ET	N/A	10.5473	126	1	0.000460466	-1.00062	-1.0
16093	ET	N/A	10.5473	2	1	0.000460466	-1.00062	-1.0
16094	ET	N/A	10.5473	36	1	0.000460466	-1.00062	-1.0
16095	ET	N/A	10.5473	19485	1	0.000460466	-1.00062	-1.0
16096	C	1	10.5473	1582867	1	0.000460466	-1.00062	-1.0
16097	ET	1	10.5473	5002	1	0.000460466	-1.00062	-1.0
16098	C	1	10.5473	1036711	1	0.000460466	-1.00062	-1.0
16099	C	1	10.5473	213228	1	0.000460466	-1.00062	-1.0
16100	C	2	10.5473	2889153	1	0.000460466	-1.00062	-1.0
16101	C	3	10.5473	5041593	1	0.000460466	-1.00062	-1.0
16102	C	4	10.5473	4287707	1	0.000460466	-1.00062	-1.0
16103	C	4	10.5473	7407039	1	0.000460466	-1.00062	-1.0
16104	C	N/A	10.5473	2	1	0.000460466	-1.00062	-1.0
16105	C	N/A	10.5473	19427588	1	0.000460466	-1.00062	-1.0
16106	C	N/A	10.5473	8550307	1	0.000460466	-1.00062	-1.0
16107	C	N/A	10.5473	5132021	1	0.000460466	-1.00062	-1.0
16108	C	N/A	10.5473	2007694	1	0.000460466	-1.00062	-1.0
16109	C	4	10.5473	2021886	1	0.000460466	-1.00062	-1.0
16110	C	4	10.5473	2042638	1	0.000460466	-1.00062	-1.0
16111	C	4	10.5473	1515743	1	0.000460466	-1.00062	-1.0
16112	C	4	10.5473	2341889	1	0.000460466	-1.00062	-1.0
16113	C	4	10.5473	1803391	1	0.000460466	-1.00062	-1.0
16114	C	4	10.5473	1814412	1	0.000460466	-1.00062	-1.0
16115	C	4	10.5473	2117289	1	0.000460466	-1.00062	-1.0
16116	C	4	10.5473	2614801	1	0.000460466	-1.00062	-1.0
16117	C	4	10.5473	2027628	1	0.000460466	-1.00062	-1.0
16118	C	4	10.5473	3359	1	0.000460466	-1.00062	-1.0
16119	C	4	10.5473	2838142	1	0.000460466	-1.00062	-1.0
16120	C	4	10.5473	12550276	1	0.000460466	-1.00062	-1.0
16121	C	5	10.5473	20252	1	0.000460466	-1.00062	-1.0
16122	C	4	10.5473	24900362	1	0.000460466	-1.00062	-1.0
16123	C	4	10.5473	341684591	1	0.000460466	-1.00062	-1.0
16124	C	4	10.5473	34362238	1	0.000460466	-1.00062	-1.0
16125	C	4	10.5473	116578569	1	0.000460466	-1.00062	-1.0
16126	C	4	10.5473	1508736	1	0.000460466	-1.00062	-1.0
16127	C	4	10.5473	11107241	1	0.000460466	-1.00062	-1.0
16128	C	5	10.5473	50974237	1	0.000460466	-1.00062	-1.0
16129	C	5	10.5473	224	1	0.000460466	-1.00062	-1.0
16130	C	5	10.5473	1195	1	0.000460466	-1.00062	-1.0
16132	C	5	10.5473	28	1	0.000460466	-1.00062	-1.0
16133	C	5	10.5473	3713	1	0.000460466	-1.00062	-1.0
16134	C	5	10.5473	18796936	1	0.000460466	-1.00062	-1.0
16135	NH3	4	10.5473	106	1	0.607274	-1.00062	-1.0
16136	NH3	4	10.5473	37	1	0.6079	-1.00062	-1.0
16137	NH3	4	10.5473	100174518	1	0.61092	-1.00062	-1.0
16138	NH3	4	10.5473	100049276	1	0.63557	-1.00062	-1.0
16141	NH3	N/A	10.5473	15194	1	0.632315	-1.00062	-1.0
16142	NH3	4	10.5473	13489	1	0.632932	-1.00062	-1.0
16143	NH3	4	10.5473	2	1	0.632646	-1.00062	-1.0
16144	NH3	4	10.5473	50996670	1	0.632427	-1.00062	-1.0
16145	NH3	4	10.5473	50541466	1	0.628171	-1.00062	-1.0
16146	NH3	4	10.5473	32886965	1	0.62809	-1.00062	-1.0
16147	NH3	n/a	10.5473	219159	1	0.615852	-1.00062	-1.0
16148	NH3	4	10.5473	50341518	1	0.631997	-1.00062	-1.0
16151	NH3	N/A	10.5473	5826	1	0.645384	-1.00062	-1.0
16152	NH3	4	10.5473	8581068	1	-0.562388	-1.00062	-1.0
16153	NH3	4	10.5473	2	1	-0.563977	-1.00062	-1.0
16154	NH3	4	10.5473	2	1	-0.56799	-1.00062	-1.0
16155	NH3	4	10.5473	1571	1	-0.568537	-1.00062	-1.0
16156	NH3	4	10.5473	6887422	1	-0.566964	-1.00062	-1.0
16157	NH3	4	10.5473	23434531	1	-0.576714	-1.00062	-1.0
16158	NH3	4	10.5473	18545102	1	-0.578282	-1.00062	-1.0
16159	NH3	N/A	10.5473	1891	1	-0.592728	-1.00062	-1.0
16160	NH3	4	10.5473	1064	1	-0.590994	-1.00062	-1.0
16161	NH3	N/A	10.5473	764	1	-0.587704	-1.00062	-1.0
16162	NH3	4	10.5473	440004	1	-0.587135	-1.00062	-1.0
16163	NH3	4	10.5473	2	1	-0.583313	-1.00062	-1.0
16164	NH3	4	10.5473	1118903	1	-0.583341	-1.00062	-1.0
16165	NH3	N/A	10.5473	857	1	-0.586713	-1.00062	-1.0
16166	NH3	4	10.5473	12472966	1	-0.586642	-1.00062	-1.0
16167	NH3	4	10.5473	30842684	1	-0.578715	-1.00062	-1.0
16168	NH3	4	10.5473	2964365	1	-0.584052	-1.00062	-1.0
16169	NH3	4	10.5473	6111863	1	-0.585704	-1.00062	-1.0
16170	NH3	4	10.5473	50889077	1	-0.584437	-1.00062	-1.0
16171	NH3	4	10.5473	85502	1	-0.577855	-1.00062	-1.0
16174	NH3	4	10.5473	114783	1	-0.581266	-1.00062	-1.0
16178	NH3	4	10.5473	34371334	1	-0.576328	-1.00062	-1.0
16179	NH3	N/A	10.5473	298759	1	-0.342079	-1.00062	-1.0
16180	NH3	N/A	10.5473	2	1	-0.406443	-1.00062	-1.0
16181	NH3	N/A	10.5473	2	1	-0.415206	-1.00062	-1.0
16182	ET	N/A	10.5473	2251	1	-0.181077	-1.00062	-1.0
16184	ET	15	10.5473	8514895	1	-4.41344e-06	-1.00062	-1.0
16185	ET	15	10.5473	4781769	1	8.40051e-05	-1.00062	-1.0
16186	ET	50	10.5473	9390239	1	0.000148121	-1.00062	-1.0
16187	ET	1	10.5473	4111376	1	-0.000109503	0.0	0.0
16188	ET	1	10.5473	3501541	1	-2.56437e-05	0.0	0.0
16189	ET	1	10.5473	1156095	1	-1.89614e-05	0.0	0.0
16190	ET	1	10.5473	7770199	1	-3.74816e-05	0.0	0.0
16191	ET	1	10.5473	11657849	1	-4.89494e-05	0.0	0.0
16192	ET	1	10.5473	60017957	1	4.88803e-05	0.0	0.0
16194	F	20	10.5473	22920502	0	5.00976e-05	-1.00062	-1.0
16209	NH3	4	10.5473	2316	1	0.668986	-1.00062	-1.0
16210	NH3	4	10.5473	11107	1	0.6695	-1.00062	-1.0
16211	NH3	4	10.5473	53943675	1	0.673132	-1.00062	-1.0
16213	NH3	4	10.5473	39044814	1	0.697039	-1.00062	-1.0
16214	NH3	4	10.5473	54130891	1	0.698117	-1.00062	-1.0
16215	NH3	4	10.5473	2	1	0.698671	-1.00062	-1.0
16216	NH3	4	10.5473	2001	1	0.70053	-1.00062	-1.0
16217	NH3	4	10.5473	2	1	0.701029	-1.00062	-1.0
16218	NH3	4	10.5473	2	1	0.700984	-1.00062	-1.0
16219	NH3	4	10.5473	2	1	0.701464	-1.00062	-1.0
16220	NH3	4	10.5473	1081044	1	0.701173	-1.00062	-1.0
16221	NH3	4	10.5473	53762519	1	0.701352	-1.00062	-1.0
16222	NH3	4	10.5473	63411553	0	0.692967	-1.00062	-1.0
16223	NH3	4	10.5473	71918306	0	0.690599	-1.00062	-1.0
16224	NH3	4	10.5473	4227436	0	0.686835	-1.00062	-1.0
16225	NH3	4	10.5473	18773420	0	0.689815	-1.00062	-1.0
16226	NH3	4	10.5473	15642429	0	0.686527	-1.00062	-1.0
16227	NH3	4	10.5473	107007	0	0.689808	-1.00062	-1.0
16228	NH3	4	10.5473	31993059	0	0.690122	-1.00062	-1.0
16229	NH3	4	10.5473	2	0	0.690866	-1.00062	-1.0
16230	NH3	4	10.5473	2	0	0.692679	-1.00062	-1.0
16231	NH3	4	10.5473	31051471	0	-0.361412	-1.00062	-1.0
16232	NH3	4	10.5473	68687432	0	-0.561189	-1.00062	-1.0
16233	NH3	4	10.5473	70730535	0	-0.579384	-1.00062	-1.0
16234	NH3	4	10.5473	13428517	0	-0.590341	-1.00062	-1.0
16235	NH3	4	10.5473	6366293	0	-0.592147	-1.00062	-1.0
16236	NH3	4	10.5473	19245403	0	-0.592567	-1.00062	-1.0
16237	NH3	4	10.5473	2	0	-0.593608	-1.00062	-1.0
16238	NH3	4	10.5473	8528097	0	-0.593389	-1.00062	-1.0
16239	NH3	4	10.5473	14084	0	-0.597197	-1.00062	-1.0
16240	NH3	4	10.5473	3484	0	-0.597895	-1.00062	-1.0
16241	NH3	4	10.5473	2928243	0	-0.597329	-1.00062	-1.0
16242	NH3	4	10.5473	155036	0	-0.596802	-1.00062	-1.0
16243	NH3	4	10.5473	46058557	0	-0.601347	-1.00062	-1.0
16244	NH3	4	10.5473	30769213	0	-0.599358	-1.00062	-1.0
16245	NH3	4	10.5473	74204798	1	-0.606742	-1.00062	-1.0
16246	NH3	4	10.5473	69203247	1	-0.605958	-1.00062	-1.0
16248	NH3	4	10.5473	63538695	1	-0.60424	-1.00062	-1.0
16249	NH3	4	10.5473	12404234	1	-0.605263	-1.00062	-1.0
16250	NH3	4	10.5473	9199439	1	-0.604408	-1.00062	-1.0
16251	NH3	4	10.5473	14161288	1	-0.605795	-1.00062	-1.0
16252	NH3	4	10.5473	18292772	1	-0.60859	-1.00062	-1.0
16253	NH3	4	10.5473	46737961	1	-0.605579	-1.00062	-1.0
16254	NH3	4	10.5473	1309245	1	-0.606155	-1.00062	-1.0
16255	NH3	N/A	10.5473	592548	1	-0.604666	-1.00062	-1.0
16256	NH3	N/A	10.5473	63210492	1	-0.604697	-1.00062	-1.0
16257	NH3	4	10.5473	65826188	0	-0.60323	-1.00062	-1.0
16258	NH3	4	10.5473	568909	0	-0.601571	-1.00062	-1.0
16259	NH3	4	10.5473	58494622	0	-0.601982	-1.00062	-1.0
16260	NH3	4	10.5473	34644195	0	-0.597104	-1.00062	-1.0
16261	ND3	4	10.5473	153192	0	0.0414525	-1.00062	-1.0
16262	ND3	4	10.5473	6523300	0	0.044075	-1.00062	-1.0
16263	ND3	4	10.5473	5595322	0	0.0496365	-1.00062	-1.0
16264	ND3	50	10.5473	3017	0	0.0594082	-1.00062	-1.0
16265	ND3	50	10.5473	12038	0	0.0654295	-1.00062	-1.0
16267	ND3	4	10.5473	6038	0	0.0755565	-1.00062	-1.0
16268	ND3	4	10.5473	2274	0	0.072575	-1.00062	-1.0
16269	ND3	4	10.5473	2909231	0	0.0696748	-1.00062	-1.0
16270	ND3	4	10.5473	35233440	0	0.0680167	-1.00062	-1.0
16271	ND3	4	10.5473	5716532	0	0.0681161	-1.00062	-1.0
16272	ND3	N/A	10.5473	2	0	0.0719261	-1.00062	-1.0
16273	ND3	4	10.5473	32232666	0	0.0650171	-1.00062	-1.0
16274	ND3	4	10.5473	254217	0	0.0766174	-1.00062	-1.0
16275	ND3	4	10.5473	2390665	0	0.0819149	-1.00062	-1.0
16276	ND3	4	10.5473	9996876	0	0.0836728	-1.00062	-1.0
16277	ND3	4	10.5473	51776773	0	0.083465	-1.00062	-1.0
16278	ND3	N/A	10.5473	2	0	0.0841643	-1.00062	-1.0
16279	ND3	4	10.5473	67335267	0	0.0234357	-1.00062	-1.0
16280	ND3	4	10.5473	41618009	0	0.0614436	-1.00062	-1.0
16281	ND3	4	10.5473	56934341	0	0.0603312	-1.00062	-1.0
16283	ND3	4	10.5473	15933428	1	0.0648128	-1.00062	-1.0
16284	ND3	4	10.5473	40618793	1	0.0660203	-1.00062	-1.0
16285	ND3	4	10.5473	69491224	1	0.0592744	-1.00062	-1.0
16286	ND3	4	10.5473	58688392	1	0.0685282	-1.00062	-1.0
16287	ND3	4	10.5473	58845664	1	0.0705322	-1.00062	-1.0
16288	ND3	4	10.5473	35546456	1	0.0767131	-1.00062	-1.0
16289	ND3	4	10.5473	19643655	1	0.0759945	-1.00062	-1.0
16290	C	4	10.5473	100298656	1	0.0378987	-1.00062	-1.0
16291	C	4	10.5473	75923511	1	-0.00276352	-1.00062	-1.0
16292	C	4	10.5473	89007134	1	-0.00276352	-1.00062	-1.0
16293	C	4	10.5473	76182597	1	-0.00276352	-1.00062	-1.0
16294	C	4	10.5473	1	1	-0.00276352	-1.00062	-1.0
16295	C	4	10.5473	2	1	-0.00276352	-1.00062	-1.0
16296	C	4	10.5473	28293211	1	-0.00276352	-1.00062	-1.0
16297	C	4	10.5473	33118517	1	-0.00276352	-1.00062	-1.0
16298	CH2	4	10.5473	91626701	1	-0.00276352	-1.00062	-1.0
16299	CH2	4	10.5473	69121670	1	-0.00276352	-1.00062	-1.0
16300	CH2	4	10.5473	73623193	1	-0.00276352	-1.00062	-1.0
16301	CH2	4	10.5473	59590301	1	-0.00276352	-1.00062	-1.0
16302	CH2	4	10.5473	6964493	1	-0.00276352	-1.00062	-1.0
16303	CH2	4	10.5473	26054704	1	-0.00276352	-1.00062	-1.0
16304	ET	0	10.5473	7009	1	-0.00276352	-1.00062	-1.0
16306	ET	15	10.5473	16321998	1	-0.00276352	-1.00062	-1.0
16307	ET	15	10.5473	16951986	1	-0.00276352	-1.00062	-1.0
16308	ET	15	10.5473	18279046	1	-0.00276352	-1.00062	-1.0
16309	ET	15	10.5473	33322195	1	-0.00276352	-1.00062	-1.0
16311	ET	N/A	10.5473	988	1	0.00224543	-0.989238	-1.0
16312	ET	N/A	10.5473	477	1	0.00224543	-0.989238	-1.0
16313	NH3	N/A	10.5473	2	1	0.0719354	-1.00062	-1.0
16314	NH3	N/A	10.5473	2	1	0.0657176	-1.00062	-1.0
16315	NH3	N/A	10.5473	2	1	0.059549	-1.00062	-1.0
16316	NH3	N/A	10.5473	2	1	0.055631	-1.00062	-1.0
16317	NH3	N/A	10.5473	10170528	0	0.621621	-1.00062	-1.0
16318	NH3	4.0	10.5473	49078190	0	0.616971	-1.00062	-1.0
16319	NH3	4	10.5473	103	0	0.600178	-1.00062	-1.0
16320	NH3	4	10.5473	62282251	0	0.599099	-1.00062	-1.0
16321	NH3	4	10.5473	51177256	0	0.592771	-1.00062	-1.0
16322	NH3	4.2	10.5473	26992075	0	0.59339	-1.00062	-1.0
16323	NH3	4.2	10.5473	15533320	0	0.613137	-1.00062	-1.0
16325	NH3	4	10.5473	4122438	1	0.617123	-1.00062	-1.0
16326	NH3	4	10.5473	9142918	1	0.61462	-1.00062	-1.0
16327	NH3	4	10.5473	68602381	1	0.615399	-1.00062	-1.0
16328	NH3	4	10.5473	61718623	1	0.607697	-1.00062	-1.0
16329	NH3	4	10.5473	72916615	1	0.604812	-1.00062	-1.0
16330	NH3	4.2	10.5473	80789116	1	0.602334	-1.00062	-1.0
16331	NH3	4.2	10.5473	24296453	1	0.599441	-1.00062	-1.0
16332	NH3	4.2	10.5473	3838157	1	0.601673	-1.00062	-1.0
16333	NH3	4	10.5473	10029291	1	0.604989	-1.00062	-1.0
16334	NH3	4	10.5473	1399495	1	-0.499972	-1.00062	-1.0
16335	NH3	4	10.5473	55404907	1	-0.500934	-1.00062	-1.0
16336	NH3	4.2	10.5473	30692897	1	-0.520984	-1.00062	-1.0
16337	NH3	4.2	10.5473	23370284	1	-0.526338	-1.00062	-1.0
16338	NH3	4.2	10.5473	50077706	1	-0.533529	-1.00062	-1.0
16339	NH3	4.2	10.5473	15231377	1	-0.536821	-1.00062	-1.0
16340	NH3	4.2	10.5473	3254	1	-0.53672	-1.00062	-1.0
16341	NH3	4.2	10.5473	57699968	1	-0.536391	-1.00062	-1.0
16343	NH3	4	10.5473	55518869	1	-0.537642	-1.00062	-1.0
16344	NH3	4	10.5473	11594	0	-0.526057	-1.00062	-1.0
16345	NH3	4	10.5473	16967782	0	-0.525718	-1.00062	-1.0
16346	NH3	4	10.5473	67281897	0	-0.534385	-1.00062	-1.0
16347	NH3	4	10.5473	1121	0	-0.534891	-1.00062	-1.0
16348	NH3	4	10.5473	64868998	0	-0.534981	-1.00062	-1.0
16349	NH3	4.0	10.5473	1160	0	-0.532517	-1.00062	-1.0
16350	NH3	4	10.5473	62436621	0	-0.531308	-1.00062	-1.0
16351	NH3	4	10.5473	520	0	-0.535768	-1.00062	-1.0
16352	NH3	4	10.5473	59226726	0	-0.534988	-1.00062	-1.0
16353	NH3	4	10.5473	66973231	0	-0.534809	-1.00062	-1.0
16354	NH3	4	10.5473	61488332	0	-0.534122	-1.00062	-1.0
16355	NH3	4	10.5473	61443828	1	-0.533582	-1.00062	-1.0
16356	NH3	4	10.5473	58866268	1	-0.532271	-1.00062	-1.0
16357	NH3	4	10.5473	39053383	1	-0.532942	-1.00062	-1.0
16358	ND3	4	10.5473	32734127	1	0.0279711	-1.00062	-1.0
16359	ND3	4	10.5473	20170461	1	-1.25984	-0.960265	-1.0
16360	ND3	4	10.5473	594187	1	0.0428358	-1.00062	-1.0
16361	ND3	4	10.5473	621280	1	0.0430739	-1.00062	-1.0
16362	ND3	4	10.5473	17949310	1	0.0443837	-1.00062	-1.0
16363	ND3	N/A	10.5473	2	1	0.044275	-1.00062	-1.0
16391	ND3	0	10.5473	22	1	0.0675771	-1.00062	-1.0
16392	ND3	N/A	10.5473	37590	1	0.0747009	-1.00062	-1.0
16393	ND3	4	10.5473	92448	1	0.134208	-1.00062	-1.0
16394	ND3	N/A	10.5473	162325	1	0.128976	-1.00062	-1.0
16395	ND3	4	10.5473	2	1	0.126347	-1.00062	-1.0
16396	ND3	4	10.5473	3514427	1	0.121465	-1.00062	-1.0
16397	ND3	4	10.5473	3282317	1	0.136473	-1.00062	-1.0
16398	ND3	4	10.5473	1932718	0	0.152971	-1.00062	-1.0
16400	ND3	4	10.5473	3556355	1	0.154062	-1.00062	-1.0
16401	ND3	4	10.5473	9470832	1	0.163199	-1.00062	-1.0
16403	ND3	4	10.5473	72967323	1	0.19089	-1.00062	-1.0
16404	ND3	4	10.5473	64561393	1	0.23147	-1.00062	-1.0
16405	ND3	4.2	10.5473	34794385	1	0.266473	-1.00062	-1.0
16406	ND3	4	10.5473	27315940	1	-0.00366245	-0.960265	-1.0
16407	ND3	4.2	10.5473	18136339	1	0.294305	-1.00062	-1.0
16408	ND3	4.2	10.5473	28384596	1	0.305884	-1.00062	-1.0
16409	ND3	4	10.5473	67254196	1	0.315429	-1.00062	-1.0
16410	ND3	4	10.5473	18578798	0	0.348754	-1.00062	-1.0
16411	ND3	4	10.5473	16713793	0	0.359218	-1.00062	-1.0
16412	ND3	4.2	10.5473	7895610	0	0.345151	-1.00062	-1.0
16413	ND3	4.2	10.5473	2	0	0.351527	-1.00062	-1.0
16414	ND3	4	10.5473	31630878	0	0.353051	-1.00062	-1.0
16415	ND3	4.2	10.5473	16830344	0	0.372877	-1.00062	-1.0
16416	ND3	4.2	10.5473	64199715	0	0.358349	-1.00062	-1.0
16417	ND3	4.2	10.5473	6725	0	0.374578	-1.00062	-1.0
16418	ND3	4.2	10.5473	27596	0	0.367887	-1.00062	-1.0
16419	ND3	4	10.5473	52045014	0	0.365932	-1.00062	-1.0
16420	ND3	4.2	10.5473	1960391	0	0.373635	-1.00062	-1.0
16421	ND3	4	10.5473	27391999	0	0.390059	-1.00062	-1.0
16422	ND3	4	10.5473	63680501	0	0.384794	-1.00062	-1.0
16423	ND3	4	10.5473	67306603	0	0.386834	-1.00062	-1.0
16424	ND3	4.2	10.5473	27356360	0	0.391009	-1.00062	-1.0
16425	ND3	4	10.5473	18272903	0	0.395745	-1.00062	-1.0
16426	ND3	4.2	10.5473	64777524	0	0.401926	-1.00062	-1.0
16428	ND3	4.2	10.5473	2564	0	0.399537	-1.00062	-1.0
16429	ND3	4.2	10.5473	1085	0	0.406489	-1.00062	-1.0
16430	ND3	4.2	10.5473	1510	0	0.402862	-1.00062	-1.0
16431	ND3	4.2	10.5473	1126	0	0.398111	-1.00062	-1.0
16432	ND3	4.2	10.5473	46574583	0	0.386775	-1.00062	-1.0
16433	ND3	4	10.5473	21189002	0	-0.0686459	-1.00062	-1.0
16434	ND3	4	10.5473	67568505	0	-0.0906301	-1.00062	-1.0
16435	ND3	4.2	10.5473	67680228	0	-0.173955	-1.00062	-1.0
16436	ND3	4.2	10.5473	56377165	0	-0.190566	-1.00062	-1.0
16437	ND3	4.2	10.5473	366	0	-0.209767	-1.00062	-1.0
16438	ND3	4.2	NA	10.5473	54169792	0	-0.208666	-1.00062	-1.0
16440	ND3	4	10.5473	61937645	0	-0.210384	-1.00062	-1.0
16441	ND3	4	10.5473	32265774	0	-0.225043	-1.00062	-1.0
16442	ND3	4	10.5473	5270625	0	-0.22398	-1.00062	-1.0
16443	ND3	4	10.5473	62428963	0	-0.230808	-1.00062	-1.0
16444	ND3	4	10.5473	7598965	0	-0.227891	-1.00062	-1.0
16445	ND3	4	10.5473	9096693	0	-0.236843	-1.00062	-1.0
16447	ND3	4	10.5473	30705791	0	-0.241536	-1.00062	-1.0
16448	ND3	4	10.5473	24720286	0	-0.248473	-1.00062	-1.0
16449	ND3	4	10.5473	4265370	1	-0.271417	-1.00062	-1.0
16451	ND3	N/A	10.5473	1803	1	-0.313917	-1.00062	-1.0
16452	ND3	N/A	10.5473	2234	1	-0.31924399999999997	-1.00062	-1.0
16453	ND3	N/A	10.5473	15091	1	-0.314121	-1.00062	-1.0
16454	ND3	4	10.5473	10124671	1	-0.323149	-1.00062	-1.0
16455	ND3	4	10.5473	75473384	1	-0.327199	-1.00062	-1.0
16456	ND3	4	10.5473	8648792	1	-0.337122	-1.00062	-1.0
16457	ND3	4	10.5473	3206385	1	-0.34228	-1.00062	-1.0
16458	ND3	4	10.5473	5504564	1	-0.336367	-1.00062	-1.0
16459	ND3	4	10.5473	1662	1	-0.342875	-1.00062	-1.0
16460	ND3	4	10.5473	65288119	1	-0.337236	-1.00062	-1.0
16461	ND3	4	10.5473	64759296	1	-0.342686	-1.00062	-1.0
16462	ND3	4	10.5473	391601	1	-0.360488	-1.00062	-1.0
16463	ND3	4	10.5473	20519801	1	-0.362051	-1.00062	-1.0
16465	ND3	4	10.5473	21650741	1	-0.195678	-1.00062	-1.0
16466	ND3	4	10.5473	1993912	1	-0.259549	-1.00062	-1.0
16467	ND3	4	10.5473	75649881	1	-0.272752	-1.00062	-1.0
16468	ND3	4	10.5473	57964753	1	-0.317132	-1.00062	-1.0
16469	ND3	4	10.5473	47111436	1	-0.341214	-1.00062	-1.0
16470	ND3	4	10.5473	31513065	1	-0.345257	-1.00062	-1.0
16471	ND3	4	10.5473	75925586	1	-0.372189	-1.00062	-1.0
16472	ND3	4	10.5473	51466423	0	-0.372122	-1.00062	-1.0
16473	ND3	4	10.5473	81489096	0	-0.390458	-1.00062	-1.0
16474	ND3	4	10.5473	58288576	0	-0.420435	-1.00062	-1.0
16475	ND3	4	10.5473	76435302	0	-0.417837	-1.00062	-1.0
16476	ND3	4	10.5473	58216791	0	-0.399279	-1.00062	-1.0
16477	ND3	4	10.5473	56995615	0	-0.427375	-1.00062	-1.0
16478	ND3	4	10.5473	15691132	0	-0.441879	-1.00062	-1.0
16479	ND3	4	10.5473	6	0	-0.441669	-1.00062	-1.0
16480	ND3	4	10.5473	2110220	0	-0.423823	-1.00062	-1.0
16482	ND3	4	10.5473	61210543	0	-0.486996	-1.00062	-1.0
16483	ND3	4	10.5473	59595321	0	-0.432714	-1.00062	-1.0
16484	ND3	4	10.5473	65411418	0	-0.407541	-1.00062	-1.0
16486	ND3	4	10.5473	77171	1	-0.407831	-1.00062	-1.0
16487	ND3	4	10.5473	24684	1	-0.410811	-1.00062	-1.0
16488	ND3	4	10.5473	20504	1	-0.41531	-1.00062	-1.0
16489	ND3	4	10.5473	65969310	1	-0.430505	-1.00062	-1.0
16490	ND3	4	10.5473	67552545	1	-0.438073	-1.00062	-1.0
16491	ND3	4	10.5473	40819953	1	-0.422076	-1.00062	-1.0
16493	ND3	4	10.5473	70328567	1	-0.399273	-1.00062	-1.0
16494	ND3	4	10.5473	4567714	1	-0.37397	-1.00062	-1.0
16495	ND3	4	10.5473	66994204	1	-0.366372	-1.00062	-1.0
16497	ND3	0	10.5473	1402	1	0.298552	-1.00062	-1.0
16498	ND3	4	10.5473	14826722	1	0.359765	-1.00062	-1.0
16500	ND3	4	10.5473	61293051	1	0.477603	-1.00062	-1.0
16501	ND3	4	10.5473	27382410	1	0.521993	-1.00062	-1.0
16502	ND3	4	10.5473	60318639	1	0.548384	-1.00062	-1.0
16503	ND3	4	10.5473	58376875	1	0.556607	-1.00062	-1.0
16504	ND3	4	10.5473	34921359	1	0.550613	-1.00062	-1.0
16505	ND3	4	10.5473	616028	0	0.588796	-1.00062	-1.0
16506	ND3	4	10.5473	18286766	0	0.602673	-1.00062	-1.0
16507	ND3	4	10.5473	56474125	0	0.57615	-1.00062	-1.0
16508	ND3	4	10.5473	24159456	0	0.605744	-1.00062	-1.0
16509	ND3	4	10.5473	17357961	0	0.613951	-1.00062	-1.0
16510	ND3	4	10.5473	58910195	0	0.612254	-1.00062	-1.0
16511	ND3	4	10.5473	63218453	0	0.603157	-1.00062	-1.0
16512	ND3	4	10.5473	60484415	1	0.601404	-1.00062	-1.0
16513	ND3	4	10.5473	59591063	1	0.601483	-1.00062	-1.0
16514	ND3	4	10.5473	60346630	1	0.6261	-1.00062	-1.0
16515	ND3	4	10.5473	59996994	1	0.606954	-1.00062	-1.0
16516	ND3	4	10.5473	262234	1	0.623584	-1.00062	-1.0
16517	ND3	4	10.5473	5503185	1	0.628745	-1.00062	-1.0
16518	ND3	4	10.5473	69982472	1	0.625333	-1.00062	-1.0
16519	ND3	4	10.5473	39324318	1	0.614316	-1.00062	-1.0
16520	ND3	4	10.5473	25736808	0	0.631763	-1.00062	-1.0
16521	N/A	N/A	10.5473	2	0	0.642554	-1.00062	-1.0
16522	ND3	N/A	10.5473	2	0	0.643354	-1.00062	-1.0
16523	ND3	N/A	10.5473	2	0	0.641729	-1.00062	-1.0
16524	ND3	N/A	10.5473	2	0	0.626307	-1.00062	-1.0
16525	ND3	N/A	10.5473	2	0	0.64039	-1.00062	-1.0
16526	ND3	N/A	10.5473	2	0	0.628357	-1.00062	-1.0
16527	ND3	N/A	10.5473	2316	0	0.633776	-1.00062	-1.0
16528	ND3	N/A	10.5473	778	0	0.638743	-1.00062	-1.0
16529	ND3	N/A	10.5473	2	0	0.638743	-1.00062	-1.0
16530	ND3	N/A	10.5473	758	0	0.192809	-1.00062	-1.0
16531	ND3	N/A	10.5473	870	0	0.192809	-1.00062	-1.0
16532	ND3	N/A	10.5473	1332	0	0.192809	-1.00062	-1.0
16575	ND3	4	10.5473	2	0	0.61685	-1.00062	-1.0
16577	ND3	4	10.5473	2	0	0.64193	-1.00062	-1.0
16578	ND3	4	10.5473	35376	0	0.645408	-1.00062	-1.0
16579	ND3	4	10.5473	10807	0	0.646318	-1.00062	-1.0
16580	ND3	4	10.5473	15583477	0	0.641313	-1.00062	-1.0
16581	ND3	4	10.5473	54949357	0	0.637853	-1.00062	-1.0
16582	ND3	4	10.5473	521	0	0.639557	-1.00062	-1.0
16583	ND3	4	10.5473	28264923	0	0.644671	-1.00062	-1.0
16584	ND3	N/A	10.5473	4001	0	0.651516	-1.00062	-1.0
16585	ND3	4	10.5473	4715432	0	0.653972	-1.00062	-1.0
16586	ND3	4	10.5473	22034223	0	0.654384	-1.00062	-1.0
16587	ND3	4	10.5473	26897193	0	0.624189	-1.00062	-1.0
16588	ND3	4	10.5473	67175106	0	0.632352	-1.00062	-1.0
16589	ND3	4	10.5473	2513	0	0.573444	-1.00062	-1.0
16590	ND3	4	10.5473	425	1	0.586769	-1.00062	-1.0
16591	ND3	4	10.5473	1654	1	0.583521	-1.00062	-1.0
16592	ND3	4	10.5473	1274	1	0.580815	-1.00062	-1.0
16593	ND3	N/A	10.5473	1573	1	0.578996	-1.00062	-1.0
16594	ND3	4	10.5473	20851594	1	0.583907	-1.00062	-1.0
16595	ND3	4	10.5473	3723	1	0.566206	-1.00062	-1.0
16596	ND3	N/A	10.5473	6621	1	0.229457	-1.00062	-1.0
16597	ND3	4	10.5473	57615677	1	0.434159	-1.00062	-1.0
16598	ND3	4	10.5473	1948847	1	0.555677	-1.00062	-1.0
16599	ND3	4	10.5473	68240539	1	0.553401	-1.00062	-1.0
16600	ND3	4	10.5473	65921852	1	0.57883	-1.00062	-1.0
16601	ND3	4	10.5473	62808272	1	0.601694	-1.00062	-1.0
16602	ND3	4.2	10.5473	13046721	1	0.553492	-1.00062	-1.0
16603	ND3	4	10.5473	2426	1	0.539633	-1.00062	-1.0
16604	ND3	4.2	10.5473	71152186	1	0.539854	-1.00062	-1.0
16608	ND3	4.2	10.5473	24282	0	0.529768	-1.00062	-1.0
16609	ND3	4.2	10.5473	58383862	0	0.534562	-1.00062	-1.0
16610	ND3	4.3	10.5473	66015082	0	0.530181	-1.00062	-1.0
16611	ND3	4.3	10.5473	23624704	0	0.521601	-1.00062	-1.0
16612	ND3	N/A	10.5473	14752	0	-0.00617883	-1.00062	-1.0
16614	ND3	4	10.5473	5176	0	-0.171046	-1.00062	-1.0
16615	ND3	4	10.5473	52092621	0	-0.205105	-1.00062	-1.0
16616	ND3	4.2	10.5473	73578826	0	-0.304318	-1.00062	-1.0
16617	ND3	4.2	10.5473	69046154	0	-0.338102	-1.00062	-1.0
16618	ND3	4.2	10.5473	18220694	0	-0.370347	-1.00062	-1.0
16619	ND3	4.2	10.5473	3155700	0	-0.388895	-1.00062	-1.0
16620	ND3	4.2	10.5473	67105465	0	-0.397436	-1.00062	-1.0
16621	ND3	4	10.5473	36151	0	-0.407746	-1.00062	-1.0
16623	ND3	N/A	10.5473	608	1	-0.410458	-1.00062	-1.0
16624	ND3	N/A	10.5473	4933	1	-0.407181	-1.00062	-1.0
16625	ND3	4	10.5473	28555436	1	-0.411385	-1.00062	-1.0
16626	ND3	4.2	10.5473	72655473	1	-0.407418	-1.00062	-1.0
16627	ND3	4	10.5473	83073320	1	-0.416777	-1.00062	-1.0
16628	ND3	4	10.5473	67459042	1	-0.435259	-1.00062	-1.0
16629	ND3	4	10.5473	74684027	1	-0.435306	-1.00062	-1.0
16630	ND3	4	10.5473	77768419	1	-0.43593	-1.00062	-1.0
16631	ND3	4	10.5473	43151422	0	-0.44053	-1.00062	-1.0
16632	ND3	N/A	10.5473	45957576	0	-0.445194	-1.00062	-1.0
16633	ND3	4.2	10.5473	75658304	0	-0.42846	-1.00062	-1.0
16634	ND3	4.2	10.5473	73402546	0	-0.432482	-1.00062	-1.0
16635	ND3	4.2	10.5473	800196	0	-0.423797	-1.00062	-1.0
16636	ND3	4.2	10.5473	41384456	0	-0.42909	-1.00062	-1.0
16637	ND3	4.2	10.5473	99733	0	-0.426892	-1.00062	-1.0
16638	ND3	4.2	10.5473	19487	0	-0.430439	-1.00062	-1.0
16639	NH3	N/A	10.5473	4069	0	0.00505262	-1.00062	-1.0
16640	NH3	N/A	10.5473	7996	0	0.00471493	-1.00062	-1.0
16641	NH3	N/A	10.5473	19449	0	0.0049258	-1.00062	-1.0
16642	NH3	N/A	10.5473	1199	0	0.00542383	-1.00062	-1.0
16643	NH3	N/A	10.5473	3076	0	0.00444514	-1.00062	-1.0
16644	NH3	N/A	10.5473	1993	0	0.00491624	-1.00062	-1.0
16645	NH3	N/A	10.5473	15905	0	0.0046476	-1.00062	-1.0
16650	NH3	4.0	10.5473	347337	0	0.232044	-1.00062	-1.0
16651	NH3	4	10.5473	86	0	0.269742	-1.00062	-1.0
16652	NH3	2	10.5473	71088	0	0.311581	-1.00062	-1.0
16653	NH3	2	10.5473	20781	0	0.316181	-1.00062	-1.0
16654	NH3	2	10.5473	45	0	0.318144	-1.00062	-1.0
16655	NH3	2	10.5473	445369	0	0.321687	-1.00062	-1.0
16656	NH3	4	10.5473	101935	0	0.32589	-1.00062	-1.0
16657	NH3	N/A	10.5473	184484	0	0.331402	-1.00062	-1.0
16658	NH3	4	10.5473	21885491	0	0.336706	-1.00062	-1.0
16659	NH3	4	10.5473	26083020	0	0.372517	-1.00062	-1.0
16660	NH3	4	10.5473	19271658	0	0.393035	-1.00062	-1.0
16661	NH3	4	10.5473	73529	0	0.434609	-1.00062	-1.0
16662	NH3	4	10.5473	4366	0	0.436259	-1.00062	-1.0
16663	NH3	4	10.5473	1942	0	0.43501	-1.00062	-1.0
16664	NH3	4	10.5473	5271448	0	0.446088	-1.00062	-1.0
16665	NH3	4	10.5473	62987258	0	0.461926	-1.00062	-1.0
16666	NH3	4.0	10.5473	28441049	0	0.478097	-1.00062	-1.0
16667	NH3	4.0	10.5473	57582	0	0.484172	-1.00062	-1.0
16668	NH3	4.0	10.5473	2252214	0	0.484735	-1.00062	-1.0
16669	NH3	4.0	10.5473	847549	0	0.485809	-1.00062	-1.0
16671	NH3	4.0	10.5473	54924377	0	0.487131	-1.00062	-1.0
16672	NH3	4	10.5473	52132261	0	0.500293	-1.00062	-1.0
16673	NH3	4	10.5473	7094364	0	0.51019	-1.00062	-1.0
16674	NH3	4	10.5473	16327097	0	0.512124	-1.00062	-1.0
16675	NH3	4	10.5473	56977718	0	0.538075	-1.00062	-1.0
16676	NH3	4	10.5473	66260877	0	0.573405	-1.00062	-1.0
16678	NH3	4.0	10.5473	23573408	0	0.575374	-1.00062	-1.0
16679	NH3	4.0	10.5473	25523222	0	0.575268	-1.00062	-1.0
16680	NH3	4	10.5473	52718	0	0.575677	-1.00062	-1.0
16681	NH3	4	10.5473	72968098	0	0.57527	-1.00062	-1.0
16682	NH3	4	10.5473	67010287	0	0.575467	-1.00062	-1.0
16683	NH3	4	10.5473	67942703	1	0.572196	-1.00062	-1.0
16684	NH3	4	10.5473	55872	1	0.573494	-1.00062	-1.0
16685	NH3	4	10.5473	11704919	1	0.57872	-1.00062	-1.0
16686	NH3	4	10.5473	37285306	1	0.573825	-1.00062	-1.0
16687	NH3	4	10.5473	1258589	1	0.570895	-1.00062	-1.0
16688	NH3	4	10.5473	72228365	1	0.571142	-1.00062	-1.0
16689	NH3	4	10.5473	16561820	1	0.569851	-1.00062	-1.0
16690	NH3	4	10.5473	7194774	1	0.570119	-1.00062	-1.0
16692	NH3	4	10.5473	56665242	1	0.570021	-1.00062	-1.0
16693	NH3	4	10.5473	69147139	1	0.57315	-1.00062	-1.0
16694	NH3	4	10.5473	2327	1	0.566803	-1.00062	-1.0
16695	NH3	4	10.5473	2018784	1	0.572134	-1.00062	-1.0
16697	C	4	10.5473	3731697	1	0.570829	-1.00062	-1.0
16698	C	4	10.5473	21013391	1	0.570829	-1.00062	-1.0
16699	C	N/A	10.5473	9661668	1	0.570829	-1.00062	-1.0
16700	C	4	10.5473	67249267	1	0.570829	-1.00062	-1.0
16701	C	4	10.5473	9580027	1	0.00338049	-1.00062	-1.0
16702	C	4	10.5473	35370570	1	0.00296691	-1.00062	-1.0
16704	C	4	10.5473	66148102	1	0.00281904	-1.00062	-1.0
16705	NH3	N/A	10.5473	14655	1	0.582526	-1.00062	-1.0
16706	NH3	4	10.5473	1684149	1	0.58243	-1.00062	-1.0
16707	NH3	4	10.5473	1744	1	0.580834	-1.00062	-1.0
16708	NH3	4	10.5473	2152972	1	0.58118	-1.00062	-1.0
16709	NH3	4	10.5473	16023280	1	0.580466	-1.00062	-1.0
16710	NH3	4	10.5473	20002297	1	0.578679	-1.00062	-1.0
16711	NH3	4	10.5473	63744133	1	0.58222	-1.00062	-1.0
16712	NH3	4	10.5473	65228544	1	0.567685	-1.00062	-1.0
16713	NH3	4	10.5473	67494008	1	0.562185	-1.00062	-1.0
16714	NH3	4	10.5473	48347	1	0.570404	-1.00062	-1.0
16715	NH3	4	10.5473	34158333	1	0.57128	-1.00062	-1.0
16716	NH3	4	10.5473	29332114	1	0.570403	-1.00062	-1.0
16717	NH3	4	10.5473	51942513	1	0.574643	-1.00062	-1.0
16718	NH3	4	10.5473	14670512	0	0.571372	-1.00062	-1.0
16719	NH3	4	10.5473	55768737	0	0.571846	-1.00062	-1.0
16720	NH3	4	10.5473	32749719	0	0.566081	-1.00062	-1.0
16721	NH3	4	10.5473	3437870	0	-0.21105	-1.00062	-1.0
16722	NH3	4	10.5473	4631347	0	-0.3446	-1.00062	-1.0
16723	NH3	4	10.5473	47140385	0	-0.488186	-1.00062	-1.0
16724	NH3	4	10.5473	5700	0	-0.502171	-1.00062	-1.0
16725	NH3	4	10.5473	1389	0	-0.501423	-1.00062	-1.0
16726	NH3	4	10.5473	67130201	0	-0.50239	-1.00062	-1.0
16727	NH3	4	10.5473	51961076	0	-0.50782	-1.00062	-1.0
16728	NH3	4	10.5473	57919646	0	-0.512262	-1.00062	-1.0
16729	NH3	4	10.5473	11064066	0	-0.512071	-1.00062	-1.0
16730	NH3	4	10.5473	36213841	0	-0.512971	-1.00062	-1.0
16731	NH3	4	10.5473	25459939	0	-0.514848	-1.00062	-1.0
16732	NH3	4	10.5473	34113719	0	-0.511009	-1.00062	-1.0
16733	NH3	4	10.5473	6996599	0	-0.512998	-1.00062	-1.0
16734	NH3	4	10.5473	1641305	0	-0.508808	-1.00062	-1.0
16735	NH3	4	10.5473	40896	0	-0.51648	-1.00062	-1.0
16736	NH3	4	10.5473	57956281	0	-0.513698	-1.00062	-1.0
16738	NH3	4	10.5473	35547935	1	-0.514612	-1.00062	-1.0
16739	NH3	4	10.5473	1879	1	-0.37413	-1.00062	-1.0
16740	NH3	4	10.5473	1890	1	-0.398457	-1.00062	-1.0
16741	NH3	4	10.5473	703	1	-0.425813	-1.00062	-1.0
16742	NH3	4	10.5473	14319934	1	-0.438419	-1.00062	-1.0
16743	NH3	4	10.5473	55411745	1	-0.470851	-1.00062	-1.0
16744	NH3	4	10.5473	71642942	1	-0.517163	-1.00062	-1.0
16745	NH3	4	10.5473	2	1	-0.505426	-1.00062	-1.0
16746	NH3	4	10.5473	65867687	1	-0.50783	-1.00062	-1.0
16747	NH3	4	10.5473	67217462	1	-0.501729	-1.00062	-1.0
16748	NH3	4	10.5473	60942168	1	-0.507787	-1.00062	-1.0
16749	NH3	4	10.5473	9070752	0	-0.509053	-1.00062	-1.0
16750	NH3	4	10.5473	66965853	0	-0.512551	-1.00062	-1.0
16751	NH3	4	10.5473	12366805	0	-0.511717	-1.00062	-1.0
16752	NH3	4	10.5473	21167307	0	-0.51076	-1.00062	-1.0
16753	NH3	4	10.5473	19379122	1	-0.52458	-1.00062	-1.0
16754	NH3	4	10.5473	73560296	1	-0.523953	-1.00062	-1.0
16755	NH3	4	10.5473	73364824	1	-0.508927	-1.00062	-1.0
16756	NH3	4	10.5473	13543218	1	-0.500229	-1.00062	-1.0
16757	NH3	4	10.5473	70633696	1	-0.503381	-1.00062	-1.0
16758	NH3	4	10.5473	56603956	1	-0.497576	-1.00062	-1.0
16759	NH3	4	10.5473	78105575	1	-0.500534	-1.00062	-1.0
16760	NH3	4	10.5473	2	0	-0.5059	-1.00062	-1.0
16761	NH3	4	10.5473	59594750	0	-0.50719	-1.00062	-1.0
16762	NH3	4	10.5473	69187287	0	-0.508841	-1.00062	-1.0
16763	NH3	4	10.5473	37081320	0	-0.510655	-1.00062	-1.0
16764	NH3	4	10.5473	2	0	-0.51415	-1.00062	-1.0
16765	NH3	4	10.5473	57680517	0	-0.519303	-1.00062	-1.0
16766	NH3	4	10.5473	23817895	0	-0.515595	-1.00062	-1.0
16767	NH3	4	10.5473	57510590	0	0.596869	-1.00062	-1.0
16768	NH3	4	10.5473	58727246	0	0.587043	-1.00062	-1.0
16769	NH3	4	10.5473	26812371	1	0.575167	-1.00062	-1.0
16770	NH3	4	10.5473	54060695	1	0.581759	-1.00062	-1.0
16771	NH3	4	10.5473	66084464	1	0.576812	-1.00062	-1.0
16772	NH3	4	10.5473	52601688	1	0.573531	-1.00062	-1.0
